0.601672625227
0.601672625227
0.161963124008
0.161963124008
0.112405711498
0.112405711498
0.0874274335571
0.0874274335571
0.0714787909405
0.0714787909405
0.0601767670218
0.0601767670218
0.0518807133685
0.0518807133685
0.045244751035
0.045244751035
0.0396714269049
0.0396714269049
0.0350246031789
0.0350246031789
0.0345549615742
0.0345549615742
0.0325604387234
0.0325604387234
0.0318464719702
0.0318464719702
0.0312969871675
0.0312969871675
0.0308230869971
0.0308230869971
0.0303995552648
0.0303995552648
0.0300147921862
0.0300147921862
0.0296635705363
0.0296635705363
0.0293401530737
0.0293401530737
0.0290436116894
0.0290436116894
