0.01
0.01
0.0095
0.0095
0.009025
0.009025
0.00857375
0.00857375
0.0081450625
0.0081450625
0.007737809375
0.007737809375
0.00735091890625
0.00735091890625
0.00698337296094
0.00698337296094
0.00663420431289
0.00663420431289
0.00630249409725
0.00630249409725
0.00598736939238
0.00598736939238
0.00568800092276
0.00568800092276
0.00540360087663
0.00540360087663
0.0051334208328
0.0051334208328
0.00487674979116
0.00487674979116
0.0046329123016
0.0046329123016
0.00440126668652
0.00440126668652
0.00418120335219
0.00418120335219
0.00397214318458
0.00397214318458
0.00377353602535
0.00377353602535
0.001
0.001
0.00095
0.00095
0.0009025
0.0009025
0.000857375
0.000857375
0.00081450625
0.00081450625
0.0007737809375
0.0007737809375
0.000735091890625
0.000735091890625
0.000698337296094
0.000698337296094
0.000663420431289
0.000663420431289
0.000630249409725
0.000630249409725
0.000598736939238
0.000598736939238
0.000568800092276
0.000568800092276
0.000540360087663
0.000540360087663
0.00051334208328
0.00051334208328
0.000487674979116
0.000487674979116
0.00046329123016
0.00046329123016
0.000440126668652
0.000440126668652
0.000418120335219
0.000418120335219
0.000397214318458
0.000397214318458
0.000377353602535
0.000377353602535
