0.9
0.9
0.901666666667
0.901666666667
0.903333333333
0.903333333333
0.905
0.905
0.906666666667
0.906666666667
0.908333333333
0.908333333333
0.91
0.91
0.911666666667
0.911666666667
0.913333333333
0.913333333333
0.915
0.915
0.916666666667
0.916666666667
0.918333333333
0.918333333333
0.92
0.92
0.921666666667
0.921666666667
0.923333333333
0.923333333333
0.925
0.925
0.926666666667
0.926666666667
0.928333333333
0.928333333333
0.93
0.93
0.931666666667
0.931666666667
0.933333333333
0.933333333333
0.935
0.935
0.936666666667
0.936666666667
0.938333333333
0.938333333333
0.94
0.94
0.941666666667
0.941666666667
0.943333333333
0.943333333333
0.945
0.945
0.946666666667
0.946666666667
0.948333333333
0.948333333333
0.95
0.95
0.95
0.95
0.95
0.95
0.95
0.95
0.95
0.95
0.95
0.95
0.95
0.95
0.95
0.95
0.95
0.95
0.95
0.95
