1.91707
1.91707
1.40829
1.40829
1.06428
1.06428
0.974595
0.974595
0.904998
0.904998
0.839557
0.839557
0.791064
0.791064
0.763592
0.763592
0.742146
0.742146
0.7207
0.7207
0.685594
0.685594
0.658922
0.658922
0.643358
0.643358
0.633337
0.633337
0.624429
0.624429
0.614701
0.614701
0.602123
0.602123
0.588521
0.588521
0.579597
0.579597
0.570575
0.570575
0.530414
0.530414
0.517616
0.517616
0.513745
0.513745
0.510555
0.510555
0.507899
0.507899
0.505481
0.505481
0.502979
0.502979
0.500483
0.500483
0.49825
0.49825
0.496462
0.496462
0.494625
0.494625
0.492461
0.492461
0.490423
0.490423
0.488582
0.488582
0.486852
0.486852
0.485197
0.485197
0.483552
0.483552
0.481957
0.481957
0.480372
0.480372
0.478909
0.478909
