1.86734
0.357348961548
1.86734
1.24386
1.24386
0.357348961548
0.980434
0.980434
0.801037
0.801037
0.726487
0.726487
0.676091
0.676091
0.643354
0.356031648169
0.356031648169
0.643354
0.61977
0.61977
0.602769
0.602769
0.585912
0.585912
0.565058
0.354647915259
0.565058
0.354647915259
0.546082
0.546082
0.53329
0.53329
0.521949
0.521949
0.510734
0.510734
0.50169
0.50169
0.35328940874
0.35328940874
0.495488
0.495488
0.489237
0.489237
0.482909
0.482909
0.475706
0.475706
0.429141
0.351942689583
0.416948
0.416948
0.413845
