0.0010000000475
8.68745812769e-05
0.0010000000475
0.000990000087768
0.000990000087768
8.68745812769e-05
0.0009801001288
0.0009801001288
0.000970299122855
0.000970299122855
0.000960596138611
0.000960596138611
0.000950990186539
0.000950990186539
0.000941480277106
8.60058354641e-05
8.60058354641e-05
0.000941480277106
0.000932065478992
0.000932065478992
0.000922744802665
0.000922744802665
0.000913517375011
0.000913517375011
0.0009043822065
8.51457771095e-05
0.0009043822065
8.51457771095e-05
0.000895338365808
0.000895338365808
0.000886384979822
0.000886384979822
0.000877521117218
0.000877521117218
0.000868745904882
0.000868745904882
0.000860058469698
0.000860058469698
8.42943193384e-05
8.42943193384e-05
0.000851457880344
0.000851457880344
0.000842943321913
0.000842943321913
0.000834513863083
0.000834513863083
0.000826168747153
0.000826168747153
9.99999974738e-05
8.3451376145e-05
9.89999971353e-05
9.89999971353e-05
9.80099939625e-05
