0.600000023842
0.95
0.600000023842
0.611666679382
0.611666679382
0.95
0.623333334923
0.623333334923
0.634999990463
0.634999990463
0.646666705608
0.646666705608
0.658333301544
0.658333301544
0.670000016689
0.95
0.95
0.670000016689
0.68166667223
0.68166667223
0.693333387375
0.693333387375
0.705000042915
0.705000042915
0.716666698456
0.95
0.716666698456
0.95
0.728333353996
0.728333353996
0.740000009537
0.740000009537
0.751666665077
0.751666665077
0.763333320618
0.763333320618
0.774999976158
0.774999976158
0.95
0.95
0.786666631699
0.786666631699
0.798333287239
0.798333287239
0.810000002384
0.810000002384
0.821666657925
0.821666657925
0.833333313465
0.833333313465
